-1.0856306
0.9973454
0.2829785
-1.5062947
-0.5786003
1.6514365
-2.4266792
-0.4289126
1.2659363
-0.8667404
-0.6788862
-0.0947090
1.4913896
-0.6389020
-0.4439820
-0.4343513
2.2059301
2.1867861
1.0040539
0.3861864
0.7373686
1.4907320
-0.9358339
1.1758290
-1.2538807
-0.6377515
0.9071052
-1.4286807
-0.1400687
-0.8617549
-0.2556194
-2.7985891
-1.7715331
-0.6998772
0.9274624
-0.1736357
0.0028459
0.6882227
-0.8795363
0.2836273
-0.8053665
-1.7276695
-0.3908998
0.5738059
0.3385891
-0.0118305
2.3923653
0.4129122
0.9787360
2.2381433
-1.2940853
-1.0387882
1.7437122
-0.7980627
0.0296832
1.0693160
0.8907064
1.7548862
1.4956441
1.0693927
-0.7727087
0.7948627
0.3142720
-1.3262655
1.4172990
0.8072365
0.0454901
-0.2330921
-1.1983011
0.1995241
0.4684391
-0.8311550
1.1622040
-1.0972030
-2.1231004
1.0397271
-0.4033660
-0.1260296
-0.8375167
-1.6059628
1.2552374
-0.6888690
1.6609525
0.8073082
-0.3147581
-1.0859024
-0.7324620
-1.2125231
2.0871134
0.1644412
1.1502055
-1.2673520
0.1810351
1.1778619
-0.3350108
1.0311145
-1.0845679
-1.3634715
0.3794006
-0.3791764
0.6420547
-1.9778879
0.7122646
2.5983039
-0.0246260
0.0341421
0.1795495
-1.8619757
0.4261466
-1.6054097
-0.4276796
1.2428695
-0.7352170
0.5012490
1.0127391
0.2787409
-1.3709485
-0.3324753
1.9594113
-2.0250458
-0.2757860
-0.5521081
0.1207474
0.7482156
1.6086910
-0.2702324
0.8123413
0.4997401
0.4743473
-0.5639239
-0.9973215
-1.1000431
-0.7564372
0.3216866
0.7609494
0.3234688
-0.5489551
1.8059701
1.5188656
-0.3540001
-0.8234314
0.1302150
1.2672986
0.3327650
0.5565487
-0.2120801
0.4562709
1.5445445
-0.2396688
0.1433077
0.2538165
0.2837254
-1.4118889
-1.8768687
-1.0196551
0.1679423
0.5538562
-0.5306746
1.3772575
-0.1431760
0.0203160
-0.1939639
0.1340268
0.7044741
0.6656534
-0.8984229
1.5236638
-1.0950265
0.0792270
-0.2743966
-1.0489917
-0.0751206
-0.7408138
0.0729072
0.4030860
1.4719294
0.3073842
-0.6112253
-0.3916198
0.1399781
0.0934608
1.4595893
1.3953529
-0.3589359
-0.5486421
-2.5570546
-0.5489204
-0.9780577
-0.3548245
0.3915842
0.1771923
-0.0299680
0.1995821
-0.1261178
0.1970189
-3.2310550
-0.2692935
-0.1108507
-0.3412617
-0.2179463
0.7033101
-0.5981053
2.2007021
0.6882969
-0.0063073
-0.2066623
-0.0865223
-0.9153071
-0.0952025
0.2786835
0.5795416
0.5796898
-0.2748775
-1.4160823
-0.6691026
1.6121930
0.8960583
0.3696196
-0.7612942
0.0036452
-1.2556687
-0.5519369
-0.2452033
-0.3616399
0.9566019
-1.4187259
-0.8654323
-1.3746880
-1.2373532
0.1240559
-1.6004405
0.7538688
-0.2468158
0.0687883
0.3225767
-0.4341665
1.0324797
-0.1943427
0.5940703
-0.1991124
0.2908744
0.2796627
0.2499699
-0.9743078
0.4358758
-0.3189570
0.6304880
-2.1524934
-1.4651162
0.3634456
1.8629276
0.8350587
-0.6824509
-1.6920524
0.7426862
-0.0805832
0.5907042
0.1152987
0.0296429
2.9586254
-0.0061300
-0.1592452
-0.1214487
-0.5835367
0.9901329
-0.3537543
0.6359427
0.2846030
1.2189859
0.4201796
-1.2133848
-1.3264878
1.4083691
-0.6087108
-1.3206026
-0.6696186
1.2646253
-1.4202130
-0.8664952
-0.6668075
-1.2511899
-1.1843273
-1.5181080
-0.4611874
-0.3549088
-0.6825382
-1.6536978
1.2533359
-1.3290788
0.2780337
-1.0747666
0.6683169
0.9558324
-0.8776136
-1.9237157
0.6957873
1.8758005
0.4156945
0.1605444
0.8197606
0.7650548
-0.8289888
-0.6591513
0.6111236
-0.1440133
1.3166056
-0.7043421
0.7506099
0.3426380
-0.1264376
1.1759108
0.6800715
-1.0049672
0.6402187
1.3749906
-0.1304447
-0.2486559
-0.6696471
-0.0136039
0.6862007
-0.8176683
-1.3463576
-0.3757499
-1.3797250
0.5232184
-0.4266898
-1.7554018
-0.3486075
-0.1926150
0.4491356
-0.1453635
1.8687265
-0.5187039
-0.0623985
-0.1029106
-0.2826284
0.1424256
0.5412313
1.3400987
-1.5692561
-0.5103429
-0.4477714
0.9378503
-0.3566631
-1.8951756
0.0877305
-0.0336892
0.1797516
-1.0401629
1.7190347
-0.3238598
-0.1882969
-0.9000086
-0.9310020
-1.2227370
-0.3933109
-0.9575818
2.0564673
-1.8884924
-1.1283305
-0.4014144
0.6734913
-0.4137569
0.6759634
-0.9868039
0.0592911
1.7440411
-0.9677444
0.4195677
0.2069275
-2.2515350
-0.5889705
1.1311519
0.1350777
-1.2122690
0.6907773
-0.4791229
0.3600507
0.3769201
-1.1186956
0.7898280
-1.0075088
-1.3057859
-0.8828290
-0.3460900
0.1094032
-0.7725837
0.7448193
0.2514642
-0.6947982
0.8889929
1.1610684
-0.0986847
-0.2149830
-1.7737714
-0.4075126
-0.2915067
0.2453794
-0.1684264
0.2440269
1.5340903
-0.5299141
-0.4909723
-1.3091653
-0.0086605
0.9768130
-1.7510703
-0.6658570
0.0359405
0.8501029
0.3828702
0.3254636
-0.2243128
0.4818743
1.0143039
-1.7089918
0.7285354
-0.0987598
-0.5299889
-2.4430758
-1.3803513
1.6980590
-0.6885485
-1.0847688
-0.4564260
-0.7451472
0.1243586
1.5169737
-0.5866160
0.1542901
-1.1472371
1.5201664
0.1890434
-1.0818191
0.9043062
1.1999876
0.1614564
-1.6393970
1.7851688
0.3101225
1.1704543
-0.5508932
-0.3986239
0.1104531
1.1134017
0.1429900
-1.2568338
0.2619892
1.6295342
0.0658063
0.1293855
-1.2625437
-1.4029891
-0.6376921
-0.3265176
0.1040607
0.1659570
1.6019077
0.0586874
1.0644227
-0.0393293
1.4489036
-1.8703975
-0.5987318
0.9830334
-0.1715960
0.9315296
0.3850661
0.9458770
0.6130677
0.6736489
1.4924554
0.9864740
0.9938067
0.0204188
-0.5818502
-0.6595601
0.7509446
-2.4384606
-1.3071782
-0.9632537
-0.2476214
-2.6314380
1.2587213
0.6001752
1.9845824
1.0622145
1.0303793
2.2506760
-0.5709581
-1.5034584
-0.2323574
-0.8249921
-0.2568454
-1.0502190
0.5678801
0.5129828
-0.0269226
0.3115815
-0.1420507
0.7520337
0.0696407
-0.2654456
0.9295845
1.2608213
1.3374538
-0.9902747
-0.5344472
-1.7014961
-0.2385650
0.4161238
-0.1328012
1.9308509
-0.4058434
-1.0885086
0.5685042
0.1499338
0.5496426
0.3037879
0.2437658
-2.1222989
-0.7261140
-0.5903249
-0.3479643
-0.4483916
0.4128188
0.6008825
-1.1316409
0.6868044
0.5857681
0.4657701
-1.4178945
0.4405823
0.0825954
0.9608801
1.7843568
1.5880679
0.1126442
-0.0018747
0.6319483
-1.1150400
-1.4506831
-0.4725306
1.2205689
-0.3311283
1.5025809
-2.7881129
-1.5872064
-0.1236887
0.8881945
-0.0696231
-0.0956527
-0.1217415
-1.7628977
1.1580689
-0.6827647
1.0895327
-0.0705234
1.0681604
0.3432580
-0.1066745
0.2262616
-1.4729776
0.0060293
1.7160403
1.3081936
-0.9850236
0.5056859
0.2479799
0.8171883
0.0941529
-0.2335040
1.3306308
0.2163966
1.2554643
0.9743862
-0.3244872
-0.1670003
1.9298324
0.1914823
-0.7586284
-1.2000433
0.9741324
0.1602937
-0.7920920
0.6745848
0.1597487
-1.6604751
0.5886856
1.3331907
2.5598502
0.0349026
0.2326497
1.6065968
0.1687223
0.2753419
-0.6306184
-1.3943751
0.9126879
-1.2735702
1.1406562
-0.7881656
0.2652340
-0.3722717
1.1746002
0.3008464
1.9590954
-1.0836777
0.4138631
0.0473419
0.2799436
1.5959212
0.5853180
-1.1475254
0.5335108
-0.4156194
-0.4733550
1.0458573
-0.6023400
-0.3797303
0.0324073
0.9461859
0.5815898
-0.2344149
-0.2721765
-1.1601297
-0.7598351
-0.6543811
-0.1492909
1.9867630
-0.6754694
-0.2958291
-2.0523984
0.6005711
-1.5774488
-0.9065895
1.0423354
-2.1049284
0.0959204
0.8009296
1.5254442
-0.9200931
-0.6240249
1.8044363
-0.0250601
-0.7362639
-0.7174858
-0.9725563
-0.4396722
1.0882205
0.8877661
-1.1742703
0.2145861
-0.4021597
0.7824404
-0.1563597
0.3715247
-0.1586052
-2.1870859
0.0470024
-1.2717469
0.7471284
-0.6798279
-0.6050127
-0.0089028
0.5777940
-0.1697438
1.6421828
1.6488179
1.7154686
-0.2343187
-1.4819585
1.2200785
-0.4163453
0.0381663
0.6283201
-1.6044364
1.6291212
0.8749623
0.3522716
0.8909168
0.5569525
0.1168281
-0.3077743
-0.7391423
0.2872143
0.3612031
1.0831988
0.2006600
-0.8532015
-1.5762328
-0.1275622
-0.0274584
-0.0980916
-1.5305129
1.0744651
1.0726297
-0.8232852
0.8059821
0.9528309
0.0384471
-0.9484986
1.6133815
0.3809214
-0.2510375
0.7728454
1.6222085
-0.4971601
0.6914225
1.9431602
-1.1165648
-0.5492536
-0.5978551
-0.1583271
-0.2099737
0.3007954
-0.8203755
-0.6226635
0.3012905
0.1549119
0.8740798
0.4093550
0.7718466
-1.1429520
-0.3834163
1.8483800
0.3920780
0.7473930
0.2727347
0.4253359
-0.2309041
3.5715792
-0.3961559
-0.0383212
-2.4248363
1.1062667
-0.5522529
-0.0607941
-0.5280406
-0.1386829
-0.2842471
-0.0430418
-0.0528015
-0.1542053
-0.1678772
1.3085185
0.8814169
0.8874423
-0.7324489
1.2568208
1.1316445
-0.5534043
1.5238520
-0.6832259
-1.8420318
1.1015260
-0.1195188
0.9769216
-0.7542022
-1.2617700
1.2318718
-1.4072686
-1.5610305
-1.9255869
-2.7944723
-1.0391044
-2.1694080
-0.0356055
-2.2364174
-1.0942734
2.3320620
0.3451242
0.0528057
-1.6207520
-0.2455977
0.0481086
-1.6051808
0.1261807
1.1912325
-0.3482581
-0.1972364
-2.0420964
-1.3992339
1.0576951
-0.6615506
-0.9297116
-0.6925831
-0.0574661
-1.1584159
0.1265165
-1.3600077
0.7740000
-1.0570558
1.3202683
-0.0100327
-0.8456444
0.9114606
-1.3744969
-0.5470656
-0.0000755
-0.1211668
-2.0085855
-0.9206465
0.1682343
-1.3198916
1.2664293
0.4951809
-0.5142404
-0.2202925
1.8615641
0.9359885
0.3802191
-1.4155188
1.6296113
1.0524011
-0.1484054
-0.5496981
-0.1879039
-1.2019367
-0.4707856
0.7631605
-1.8076213
-0.3140744
0.1137560
0.1035680
-1.1789370
-1.1821529
1.0891654
-1.2245291
1.0086510
-0.4823653
1.0797964
-0.4210785
-1.1664713
0.8565549
-0.0173912
1.4485766
0.8922001
-0.2294266
-0.4496676
0.0233723
0.1902100
-0.8817485
0.8419396
-0.3973635
-0.4230277
-0.5406883
0.2310173
-0.6920526
0.1349701
2.7666031
-0.0536095
-0.4340047
-1.6676892
0.0502219
-1.1092309
-0.3755581
0.1516076
-1.7309894
0.1574628
0.3045152
-1.2971000
-0.3923092
-1.8306664
1.5755009
0.3305633
-0.1795885
-0.1634358
1.1314436
-0.0941656
0.3308168
1.5186296
-0.3461671
-1.0926353
-0.8245006
1.4286638
0.0914283
-0.5023313
0.9736444
0.9979574
-0.4756478
-0.9719368
-1.5705286
-1.7938889
-0.2649865
-0.8931959
1.8584744
0.0585378
-1.9421495
1.4187293
0.1617103
0.7049795
0.6820348
0.2965566
0.5233426
0.2387607
-1.1063859
0.3667322
1.0239055
-0.2100564
0.5513022
0.4195891
1.8156521
-0.2527503
-0.2920042
-0.1169317
-0.1023911
-2.2726177
-0.6426098
0.2998851
-0.0082565
-0.7993392
-0.6647793
-0.3556131
-0.8015718
-0.5130506
-0.5393901
0.8953708
1.0163913
0.9335851
0.4267018
-0.7083225
0.9598304
-0.3142506
0.0230522
1.3382205
0.0839929
0.2472840
-1.4127795
0.4870093
-0.9800066
1.0119397
-0.1845992
-2.2361688
-0.3580201
-0.2280345
0.4854752
0.6705124
-0.3277642
1.0128682
-3.1670553
-0.7139890
-1.1123643
-1.2541835
0.9597064
0.8291704
-0.7757700
1.1780570
0.1014669
-0.4216841
-0.6929228
-0.7782717
0.4727749
0.6501549
0.2385012
-2.0502177
0.2963587
0.5653966
-0.6692056
0.0432505
-1.8638843
-1.2299691
-0.3242353
-0.3097511
0.3516794
-1.1869254
-0.3412061
-0.4897798
0.5280105
1.4210428
1.7209203
-1.5684400
-0.0480142
-1.1125293
-0.0647450
0.4229193
0.0814909
-0.0490117
1.4830392
0.7209894
-0.2726545
0.0242114
0.8708978
0.6097905
-0.4250761
-1.7752428
-1.1846575
0.1459792
-1.7865269
-0.1523945
-0.4535692
0.9992528
-1.3180438
-1.9317690
-0.4196407
0.6347631
1.0699186
-0.9093270
0.4702637
-1.1114304
