0.9891437
1.0099735
1.0028298
0.9849371
0.9942140
1.0165144
0.9757332
0.9957109
1.0126594
0.9913326
0.9932111
0.9990529
1.0149139
0.9936110
0.9955602
0.9956565
1.0220593
1.0218679
1.0100405
1.0038619
1.0073737
1.0149073
0.9906417
1.0117583
0.9874612
0.9936225
1.0090711
0.9857132
0.9985993
0.9913825
0.9974438
0.9720141
0.9822847
0.9930012
1.0092746
0.9982636
1.0000285
1.0068822
0.9912046
1.0028363
0.9919463
0.9827233
0.9960910
1.0057381
1.0033859
0.9998817
1.0239237
1.0041291
1.0097874
1.0223814
0.9870591
0.9896121
1.0174371
0.9920194
1.0002968
1.0106932
1.0089071
1.0175489
1.0149564
1.0106939
0.9922729
1.0079486
1.0031427
0.9867373
1.0141730
1.0080724
1.0004549
0.9976691
0.9880170
1.0019952
1.0046844
0.9916885
1.0116220
0.9890280
0.9787690
1.0103973
0.9959663
0.9987397
0.9916248
0.9839404
1.0125524
0.9931113
1.0166095
1.0080731
0.9968524
0.9891410
0.9926754
0.9878748
1.0208711
1.0016444
1.0115021
0.9873265
1.0018104
1.0117786
0.9966499
1.0103111
0.9891543
0.9863653
1.0037940
0.9962082
1.0064205
0.9802211
1.0071226
1.0259830
0.9997537
1.0003414
1.0017955
0.9813802
1.0042615
0.9839459
0.9957232
1.0124287
0.9926478
1.0050125
1.0101274
1.0027874
0.9862905
0.9966752
1.0195941
0.9797495
0.9972421
0.9944789
1.0012075
1.0074822
1.0160869
0.9972977
1.0081234
1.0049974
1.0047435
0.9943608
0.9900268
0.9889996
0.9924356
1.0032169
1.0076095
1.0032347
0.9945104
1.0180597
1.0151887
0.9964600
0.9917657
1.0013021
1.0126730
1.0033276
1.0055655
0.9978792
1.0045627
1.0154454
0.9976033
1.0014331
1.0025382
1.0028373
0.9858811
0.9812313
0.9898034
1.0016794
1.0055386
0.9946933
1.0137726
0.9985682
1.0002032
0.9980604
1.0013403
1.0070447
1.0066565
0.9910158
1.0152366
0.9890497
1.0007923
0.9972560
0.9895101
0.9992488
0.9925919
1.0007291
1.0040309
1.0147193
1.0030738
0.9938877
0.9960838
1.0013998
1.0009346
1.0145959
1.0139535
0.9964106
0.9945136
0.9744295
0.9945108
0.9902194
0.9964518
1.0039158
1.0017719
0.9997003
1.0019958
0.9987388
1.0019702
0.9676894
0.9973071
0.9988915
0.9965874
0.9978205
1.0070331
0.9940189
1.0220070
1.0068830
0.9999369
0.9979334
0.9991348
0.9908469
0.9990480
1.0027868
1.0057954
1.0057969
0.9972512
0.9858392
0.9933090
1.0161219
1.0089606
1.0036962
0.9923871
1.0000365
0.9874433
0.9944806
0.9975480
0.9963836
1.0095660
0.9858127
0.9913457
0.9862531
0.9876265
1.0012406
0.9839956
1.0075387
0.9975318
1.0006879
1.0032258
0.9956583
1.0103248
0.9980566
1.0059407
0.9980089
1.0029087
1.0027966
1.0024997
0.9902569
1.0043588
0.9968104
1.0063049
0.9784751
0.9853488
1.0036345
1.0186293
1.0083506
0.9931755
0.9830795
1.0074269
0.9991942
1.0059070
1.0011530
1.0002964
1.0295863
0.9999387
0.9984075
0.9987855
0.9941646
1.0099013
0.9964625
1.0063594
1.0028460
1.0121899
1.0042018
0.9878662
0.9867351
1.0140837
0.9939129
0.9867940
0.9933038
1.0126463
0.9857979
0.9913350
0.9933319
0.9874881
0.9881567
0.9848189
0.9953881
0.9964509
0.9931746
0.9834630
1.0125334
0.9867092
1.0027803
0.9892523
1.0066832
1.0095583
0.9912239
0.9807628
1.0069579
1.0187580
1.0041569
1.0016054
1.0081976
1.0076505
0.9917101
0.9934085
1.0061112
0.9985599
1.0131661
0.9929566
1.0075061
1.0034264
0.9987356
1.0117591
1.0068007
0.9899503
1.0064022
1.0137499
0.9986956
0.9975134
0.9933035
0.9998640
1.0068620
0.9918233
0.9865364
0.9962425
0.9862028
1.0052322
0.9957331
0.9824460
0.9965139
0.9980739
1.0044914
0.9985464
1.0186873
0.9948130
0.9993760
0.9989709
0.9971737
1.0014243
1.0054123
1.0134010
0.9843074
0.9948966
0.9955223
1.0093785
0.9964334
0.9810482
1.0008773
0.9996631
1.0017975
0.9895984
1.0171903
0.9967614
0.9981170
0.9909999
0.9906900
0.9877726
0.9960669
0.9904242
1.0205647
0.9811151
0.9887167
0.9959859
1.0067349
0.9958624
1.0067596
0.9901320
1.0005929
1.0174404
0.9903226
1.0041957
1.0020693
0.9774847
0.9941103
1.0113115
1.0013508
0.9878773
1.0069078
0.9952088
1.0036005
1.0037692
0.9888130
1.0078983
0.9899249
0.9869421
0.9911717
0.9965391
1.0010940
0.9922742
1.0074482
1.0025146
0.9930520
1.0088899
1.0116107
0.9990132
0.9978502
0.9822623
0.9959249
0.9970849
1.0024538
0.9983157
1.0024403
1.0153409
0.9947009
0.9950903
0.9869083
0.9999134
1.0097681
0.9824893
0.9933414
1.0003594
1.0085010
1.0038287
1.0032546
0.9977569
1.0048187
1.0101430
0.9829101
1.0072854
0.9990124
0.9947001
0.9755692
0.9861965
1.0169806
0.9931145
0.9891523
0.9954357
0.9925485
1.0012436
1.0151697
0.9941338
1.0015429
0.9885276
1.0152017
1.0018904
0.9891818
1.0090431
1.0119999
1.0016146
0.9836060
1.0178517
1.0031012
1.0117045
0.9944911
0.9960138
1.0011045
1.0111340
1.0014299
0.9874317
1.0026199
1.0162953
1.0006581
1.0012939
0.9873746
0.9859701
0.9936231
0.9967348
1.0010406
1.0016596
1.0160191
1.0005869
1.0106442
0.9996067
1.0144890
0.9812960
0.9940127
1.0098303
0.9982840
1.0093153
1.0038507
1.0094588
1.0061307
1.0067365
1.0149246
1.0098647
1.0099381
1.0002042
0.9941815
0.9934044
1.0075094
0.9756154
0.9869282
0.9903675
0.9975238
0.9736856
1.0125872
1.0060018
1.0198458
1.0106221
1.0103038
1.0225068
0.9942904
0.9849654
0.9976764
0.9917501
0.9974315
0.9894978
1.0056788
1.0051298
0.9997308
1.0031158
0.9985795
1.0075203
1.0006964
0.9973455
1.0092958
1.0126082
1.0133745
0.9900973
0.9946555
0.9829850
0.9976143
1.0041612
0.9986720
1.0193085
0.9959416
0.9891149
1.0056850
1.0014993
1.0054964
1.0030379
1.0024377
0.9787770
0.9927389
0.9940968
0.9965204
0.9955161
1.0041282
1.0060088
0.9886836
1.0068680
1.0058577
1.0046577
0.9858211
1.0044058
1.0008260
1.0096088
1.0178436
1.0158807
1.0011264
0.9999813
1.0063195
0.9888496
0.9854932
0.9952747
1.0122057
0.9966887
1.0150258
0.9721189
0.9841279
0.9987631
1.0088819
0.9993038
0.9990435
0.9987826
0.9823710
1.0115807
0.9931724
1.0108953
0.9992948
1.0106816
1.0034326
0.9989333
1.0022626
0.9852702
1.0000603
1.0171604
1.0130819
0.9901498
1.0050569
1.0024798
1.0081719
1.0009415
0.9976650
1.0133063
1.0021640
1.0125546
1.0097439
0.9967551
0.9983300
1.0192983
1.0019148
0.9924137
0.9879996
1.0097413
1.0016029
0.9920791
1.0067458
1.0015975
0.9833952
1.0058869
1.0133319
1.0255985
1.0003490
1.0023265
1.0160660
1.0016872
1.0027534
0.9936938
0.9860562
1.0091269
0.9872643
1.0114066
0.9921183
1.0026523
0.9962773
1.0117460
1.0030085
1.0195910
0.9891632
1.0041386
1.0004734
1.0027994
1.0159592
1.0058532
0.9885247
1.0053351
0.9958438
0.9952665
1.0104586
0.9939766
0.9962027
1.0003241
1.0094619
1.0058159
0.9976559
0.9972782
0.9883987
0.9924016
0.9934562
0.9985071
1.0198676
0.9932453
0.9970417
0.9794760
1.0060057
0.9842255
0.9909341
1.0104234
0.9789507
1.0009592
1.0080093
1.0152544
0.9907991
0.9937598
1.0180444
0.9997494
0.9926374
0.9928251
0.9902744
0.9956033
1.0108822
1.0088777
0.9882573
1.0021459
0.9959784
1.0078244
0.9984364
1.0037152
0.9984139
0.9781291
1.0004700
0.9872825
1.0074713
0.9932017
0.9939499
0.9999110
1.0057779
0.9983026
1.0164218
1.0164882
1.0171547
0.9976568
0.9851804
1.0122008
0.9958365
1.0003817
1.0062832
0.9839556
1.0162912
1.0087496
1.0035227
1.0089092
1.0055695
1.0011683
0.9969223
0.9926086
1.0028721
1.0036120
1.0108320
1.0020066
0.9914680
0.9842377
0.9987244
0.9997254
0.9990191
0.9846949
1.0107447
1.0107263
0.9917671
1.0080598
1.0095283
1.0003845
0.9905150
1.0161338
1.0038092
0.9974896
1.0077285
1.0162221
0.9950284
1.0069142
1.0194316
0.9888344
0.9945075
0.9940214
0.9984167
0.9979003
1.0030080
0.9917962
0.9937734
1.0030129
1.0015491
1.0087408
1.0040936
1.0077185
0.9885705
0.9961658
1.0184838
1.0039208
1.0074739
1.0027273
1.0042534
0.9976910
1.0357158
0.9960384
0.9996168
0.9757516
1.0110627
0.9944775
0.9993921
0.9947196
0.9986132
0.9971575
0.9995696
0.9994720
0.9984579
0.9983212
1.0130852
1.0088142
1.0088744
0.9926755
1.0125682
1.0113164
0.9944660
1.0152385
0.9931677
0.9815797
1.0110153
0.9988048
1.0097692
0.9924580
0.9873823
1.0123187
0.9859273
0.9843897
0.9807441
0.9720553
0.9896090
0.9783059
0.9996439
0.9776358
0.9890573
1.0233206
1.0034512
1.0005281
0.9837925
0.9975440
1.0004811
0.9839482
1.0012618
1.0119123
0.9965174
0.9980276
0.9795790
0.9860077
1.0105770
0.9933845
0.9907029
0.9930742
0.9994253
0.9884158
1.0012652
0.9863999
1.0077400
0.9894294
1.0132027
0.9998997
0.9915436
1.0091146
0.9862550
0.9945293
0.9999992
0.9987883
0.9799141
0.9907935
1.0016823
0.9868011
1.0126643
1.0049518
0.9948576
0.9977971
1.0186156
1.0093599
1.0038022
0.9858448
1.0162961
1.0105240
0.9985159
0.9945030
0.9981210
0.9879806
0.9952921
1.0076316
0.9819238
0.9968593
1.0011376
1.0010357
0.9882106
0.9881785
1.0108917
0.9877547
1.0100865
0.9951763
1.0107980
0.9957892
0.9883353
1.0085655
0.9998261
1.0144858
1.0089220
0.9977057
0.9955033
1.0002337
1.0019021
0.9911825
1.0084194
0.9960264
0.9957697
0.9945931
1.0023102
0.9930795
1.0013497
1.0276660
0.9994639
0.9956600
0.9833231
1.0005022
0.9889077
0.9962444
1.0015161
0.9826901
1.0015746
1.0030452
0.9870290
0.9960769
0.9816933
1.0157550
1.0033056
0.9982041
0.9983656
1.0113144
0.9990583
1.0033082
1.0151863
0.9965383
0.9890736
0.9917550
1.0142866
1.0009143
0.9949767
1.0097364
1.0099796
0.9952435
0.9902806
0.9842947
0.9820611
0.9973501
0.9910680
1.0185847
1.0005854
0.9805785
1.0141873
1.0016171
1.0070498
1.0068203
1.0029656
1.0052334
1.0023876
0.9889361
1.0036673
1.0102391
0.9978994
1.0055130
1.0041959
1.0181565
0.9974725
0.9970800
0.9988307
0.9989761
0.9772738
0.9935739
1.0029989
0.9999174
0.9920066
0.9933522
0.9964439
0.9919843
0.9948695
0.9946061
1.0089537
1.0101639
1.0093359
1.0042670
0.9929168
1.0095983
0.9968575
1.0002305
1.0133822
1.0008399
1.0024728
0.9858722
1.0048701
0.9901999
1.0101194
0.9981540
0.9776383
0.9964198
0.9977197
1.0048548
1.0067051
0.9967224
1.0101287
0.9683294
0.9928601
0.9888764
0.9874582
1.0095971
1.0082917
0.9922423
1.0117806
1.0010147
0.9957832
0.9930708
0.9922173
1.0047277
1.0065015
1.0023850
0.9794978
1.0029636
1.0056540
0.9933079
1.0004325
0.9813612
0.9877003
0.9967576
0.9969025
1.0035168
0.9881307
0.9965879
0.9951022
1.0052801
1.0142104
1.0172092
0.9843156
0.9995199
0.9888747
0.9993526
1.0042292
1.0008149
0.9995099
1.0148304
1.0072099
0.9972735
1.0002421
1.0087090
1.0060979
0.9957492
0.9822476
0.9881534
1.0014598
0.9821347
0.9984761
0.9954643
1.0099925
0.9868196
0.9806823
0.9958036
1.0063476
1.0106992
0.9909067
1.0047026
0.9888857
