0.0 900.0 0.0 6.69828970273
1986.91765316 897.612791802 68.7097551748 9.62020676064
3973.83530632 890.465978747 137.067040149 2.39353191892
5960.75295948 878.603836381 204.722216932 5.26452050444
7947.67061264 862.099629882 271.331271989 2.78238522342
9934.5882658 841.054832766 336.558529398 3.2510498546
11921.505919 815.598052451 400.079247505 8.39159871466
13908.4235721 785.883681456 461.582064103 9.84021318254
15895.3412253 752.090297574 520.771258359 6.64519099513
17882.2588784 714.418840357 577.368801501 9.29684987545
19869.1765316 673.090594554 631.116172575 2.40392501052
21856.0941848 628.345013753 681.775920322 9.99610311435
23843.0118379 580.437419326 729.132957147 1.50390407626
25829.9294911 529.636610787 772.995576296 4.22909858386
27816.8471442 476.22242396 813.196188471 8.72844585796
29803.7647974 420.483272819 849.591779085 1.93706169255
31790.6824505 362.713709655 882.064092155 8.59486663407
33777.6001037 303.212036339 910.519551253 3.17445583198
35764.5177569 242.277997001 934.888931928 9.91447707736
37751.43541 180.21057947 955.126803541 5.0518161335
39738.3530632 117.305949543 971.210761395 1.11657989042
41725.2707163 53.8555384576 983.140472442 1.72692214373
43712.1883695 -9.85569981134 990.93655957 8.87796464066
45699.1060227 -73.5508487432 994.639350706 0.72831927049
47686.0236758 -136.962398138 994.307519489 6.456340227
49672.941329 -199.833416647 990.01664432 5.00270258979
51659.8589821 -261.918526576 981.857712117 8.73885587181
53646.7766353 -322.984682962 969.935592116 2.26868513063
55633.6942885 -382.811762023 954.367503737 1.26299471397
57620.6119416 -441.192966818 935.281500833 0.681906895831
59607.5295948 -497.935060415 912.814992655 9.26896043736
61594.4472479 -552.858438823 887.11331973 4.51895830576
63581.3649011 -605.797057643 858.328400506 7.91476258072
65568.2825543 -656.598227633 826.617462231 9.9342282657
67555.2002074 -705.122295302 792.141867124 1.80667012018
69542.1178606 -751.242225188 755.066042469 2.92715823845
71529.0355137 -794.843100758 715.556520951 5.07272595565
73515.9531669 -835.821560772 673.781095309 8.91832838062
75502.8708201 -874.08518772 629.908089272 2.56880323477
77489.7884732 -909.551864379 584.105744786 6.72131125417
79476.7061264 -942.149113863 536.541723745 9.03695038487
81463.6237795 -971.813437693 487.382720825 6.01768174388
83450.5414327 -998.489665429 436.794182547 9.13412641745
85437.4590858 -1022.13032836 384.940126439 9.46305461229
87424.376739 -1042.69506862 331.983053057 2.60875909996
89411.2943922 -1060.15009393 278.083942637 8.69951782437
91398.2120453 -1074.46768691 223.402327403 4.48186966042
93385.1296985 -1085.62577685 168.096429825 2.58170445563
95372.0473516 -1093.60758038 112.323356621 1.7629051906
97358.9650048 -1098.40131649 56.2393378345 8.85762629599
99345.882658 -1100.0 -3.20012366751e-13 4.923790296
101332.800311 -1098.40131649 -56.2393378345 8.60084145429
103319.717964 -1093.60758038 -112.323356621 2.64573578514
105306.635617 -1085.62577685 -168.096429825 6.14724101567
107293.553271 -1074.46768691 -223.402327403 3.34571581927
109280.470924 -1060.15009393 -278.083942637 3.76096790113
111267.388577 -1042.69506862 -331.983053057 3.2656304993
113254.30623 -1022.13032836 -384.940126439 7.44716553422
115241.223883 -998.489665429 -436.794182547 6.28538031459
117228.141536 -971.813437693 -487.382720825 2.16279960241
119215.05919 -942.149113863 -536.541723745 6.70911366598
121201.976843 -909.551864379 -584.105744786 9.02792561077
123188.894496 -874.08518772 -629.908089272 3.24828878235
125175.812149 -835.821560772 -673.781095309 5.37064020056
127162.729802 -794.843100758 -715.556520951 4.87693318613
129149.647455 -751.242225188 -755.066042469 1.04095963594
131136.565109 -705.122295302 -792.141867124 3.84859283194
133123.482762 -656.598227633 -826.617462231 8.76437557544
135110.400415 -605.797057643 -858.328400506 8.10754298727
137097.318068 -552.858438823 -887.11331973 7.96465688498
139084.235721 -497.935060415 -912.814992655 8.11509393406
141071.153374 -441.192966818 -935.281500833 5.21410373497
143058.071027 -382.811762023 -954.367503737 7.01455405911
145044.988681 -322.984682962 -969.935592116 5.0901744142
147031.906334 -261.918526576 -981.857712117 1.77228501517
149018.823987 -199.833416647 -990.01664432 4.2361262452
151005.74164 -136.962398138 -994.307519489 6.69707555717
152992.659293 -73.5508487432 -994.639350706 6.21259007304
154979.576946 -9.85569981134 -990.93655957 2.98819742276
156966.4946 53.8555384576 -983.140472442 4.52310564097
